Superheated Pressure	Temprature	Volume	Enthalpy 	Entropy 
10.0000	-85.0000	2.1363	383.5000	2.1134
10.0000	-80.0000	2.1951	386.8000	2.1304
10.0000	-75.0000	2.2538	390.1000	2.1472
10.0000	-70.0000	2.3123	393.4000	2.1637
10.0000	-65.0000	2.3707	396.7000	2.1800
10.0000	-60.0000	2.4290	400.1000	2.1962
10.0000	-55.0000	2.4872	403.6000	2.2121
10.0000	-50.0000	2.5453	407.0000	2.2278
10.0000	-45.0000	2.6033	410.5000	2.2434
10.0000	-40.0000	2.6613	414.1000	2.2588
10.0000	-35.0000	2.7192	417.7000	2.2740
10.0000	-30.0000	2.7770	421.3000	2.2891
10.0000	-25.0000	2.8348	425.0000	2.3040
10.0000	-20.0000	2.8926	428.7000	2.3188
10.0000	-15.0000	2.9503	432.4000	2.3334
10.0000	-10.0000	3.0079	436.2000	2.3479
10.0000	-5.0000	3.0656	440.0000	2.3623
10.0000	0.0000	3.1232	443.9000	2.3766
10.0000	5.0000	3.1808	447.8000	2.3908
10.0000	10.0000	3.2383	451.7000	2.4048
10.0000	15.0000	3.2958	455.7000	2.4187
10.0000	20.0000	3.3534	459.7000	2.4325
10.0000	25.0000	3.4109	463.8000	2.4462
10.0000	30.0000	3.4683	467.9000	2.4598
10.0000	35.0000	3.5258	472.0000	2.4733
10.0000	40.0000	3.5833	476.2000	2.4868
10.0000	45.0000	3.6407	480.4000	2.5001
10.0000	50.0000	3.6981	484.6000	2.5133
10.0000	55.0000	3.7555	488.9000	2.5264
10.0000	60.0000	3.8130	493.2000	2.5395
10.0000	65.0000	3.8704	497.6000	2.5524
20.0000	-75.0000	1.1188	389.4000	2.0651
20.0000	-70.0000	1.1487	392.7000	2.0819
20.0000	-65.0000	1.1784	396.2000	2.0985
20.0000	-60.0000	1.2081	399.6000	2.1148
20.0000	-55.0000	1.2377	403.1000	2.1309
20.0000	-50.0000	1.2672	406.6000	2.1468
20.0000	-45.0000	1.2966	410.1000	2.1625
20.0000	-40.0000	1.3259	413.7000	2.1780
20.0000	-35.0000	1.3551	417.3000	2.1934
20.0000	-30.0000	1.3844	421.0000	2.2086
20.0000	-25.0000	1.4135	424.7000	2.2236
20.0000	-20.0000	1.4426	428.4000	2.2385
20.0000	-15.0000	1.4717	432.2000	2.2532
20.0000	-10.0000	1.5007	436.0000	2.2678
20.0000	-5.0000	1.5297	439.8000	2.2822
20.0000	0.0000	1.5587	443.7000	2.2966
20.0000	5.0000	1.5876	447.6000	2.3108
20.0000	10.0000	1.6166	451.5000	2.3248
20.0000	15.0000	1.6455	455.5000	2.3388
20.0000	20.0000	1.6743	459.5000	2.3527
20.0000	25.0000	1.7032	463.6000	2.3664
20.0000	30.0000	1.7320	467.7000	2.3800
20.0000	35.0000	1.7609	471.8000	2.3936
20.0000	40.0000	1.7897	476.0000	2.4070
20.0000	45.0000	1.8185	480.2000	2.4204
20.0000	50.0000	1.8473	484.5000	2.4336
20.0000	55.0000	1.8761	488.8000	2.4468
20.0000	60.0000	1.9048	493.1000	2.4598
20.0000	65.0000	1.9336	497.4000	2.4728
20.0000	70.0000	1.9624	501.8000	2.4857
20.0000	75.0000	1.9911	506.3000	2.4985
30.0000	-70.0000	0.7607	392.1000	2.0331
30.0000	-65.0000	0.7810	395.6000	2.0499
30.0000	-60.0000	0.8011	399.0000	2.0664
30.0000	-55.0000	0.8211	402.6000	2.0827
30.0000	-50.0000	0.8411	406.1000	2.0988
30.0000	-45.0000	0.8609	409.7000	2.1146
30.0000	-40.0000	0.8807	413.3000	2.1303
30.0000	-35.0000	0.9005	416.9000	2.1458
30.0000	-30.0000	0.9201	420.6000	2.1610
30.0000	-25.0000	0.9397	424.3000	2.1762
30.0000	-20.0000	0.9593	428.1000	2.1911
30.0000	-15.0000	0.9788	431.9000	2.2059
30.0000	-10.0000	0.9983	435.7000	2.2206
30.0000	-5.0000	1.0178	439.5000	2.2351
30.0000	0.0000	1.0372	443.4000	2.2495
30.0000	5.0000	1.0566	447.4000	2.2637
30.0000	10.0000	1.0760	451.3000	2.2779
30.0000	15.0000	1.0953	455.3000	2.2919
30.0000	20.0000	1.1147	459.4000	2.3057
30.0000	25.0000	1.1340	463.4000	2.3195
30.0000	30.0000	1.1533	467.5000	2.3332
30.0000	35.0000	1.1726	471.7000	2.3468
30.0000	40.0000	1.1918	475.9000	2.3602
30.0000	45.0000	1.2111	480.1000	2.3736
30.0000	50.0000	1.2303	484.3000	2.3869
30.0000	55.0000	1.2496	488.6000	2.4000
30.0000	60.0000	1.2688	493.0000	2.4131
30.0000	65.0000	1.2880	497.3000	2.4261
30.0000	70.0000	1.3072	501.7000	2.4390
30.0000	75.0000	1.3264	506.2000	2.4518
30.0000	80.0000	1.3456	510.6000	2.4646
40.0000	-65.0000	0.5822	395.0000	2.0147
40.0000	-60.0000	0.5976	398.5000	2.0315
40.0000	-55.0000	0.6129	402.0000	2.0479
40.0000	-50.0000	0.6280	405.6000	2.0642
40.0000	-45.0000	0.6431	409.2000	2.0802
40.0000	-40.0000	0.6581	412.9000	2.0960
40.0000	-35.0000	0.6731	416.6000	2.1116
40.0000	-30.0000	0.6880	420.3000	2.1270
40.0000	-25.0000	0.7028	424.0000	2.1422
40.0000	-20.0000	0.7176	427.8000	2.1573
40.0000	-15.0000	0.7324	431.6000	2.1721
40.0000	-10.0000	0.7471	435.4000	2.1869
40.0000	-5.0000	0.7618	439.3000	2.2014
40.0000	0.0000	0.7764	443.2000	2.2159
40.0000	5.0000	0.7911	447.1000	2.2302
40.0000	10.0000	0.8057	451.1000	2.2444
40.0000	15.0000	0.8203	455.1000	2.2584
40.0000	20.0000	0.8348	459.2000	2.2723
40.0000	25.0000	0.8494	463.3000	2.2861
40.0000	30.0000	0.8639	467.4000	2.2998
40.0000	35.0000	0.8784	471.5000	2.3134
40.0000	40.0000	0.8929	475.7000	2.3269
40.0000	45.0000	0.9074	480.0000	2.3403
40.0000	50.0000	0.9219	484.2000	2.3536
40.0000	55.0000	0.9363	488.5000	2.3668
40.0000	60.0000	0.9508	492.8000	2.3799
40.0000	65.0000	0.9652	497.2000	2.3929
40.0000	70.0000	0.9797	501.6000	2.4058
40.0000	75.0000	0.9941	506.1000	2.4187
40.0000	80.0000	1.0085	510.5000	2.4314
40.0000	85.0000	1.0229	515.0000	2.4441
50.0000	-60.0000	0.4754	397.9000	2.0039
50.0000	-55.0000	0.4879	401.5000	2.0206
50.0000	-50.0000	0.5002	405.2000	2.0370
50.0000	-45.0000	0.5124	408.8000	2.0532
50.0000	-40.0000	0.5246	412.5000	2.0691
50.0000	-35.0000	0.5367	416.2000	2.0848
50.0000	-30.0000	0.5487	419.9000	2.1003
50.0000	-25.0000	0.5607	423.7000	2.1156
50.0000	-20.0000	0.5726	427.5000	2.1308
50.0000	-15.0000	0.5845	431.3000	2.1457
50.0000	-10.0000	0.5964	435.2000	2.1605
50.0000	-5.0000	0.6082	439.0000	2.1752
50.0000	0.0000	0.6200	443.0000	2.1897
50.0000	5.0000	0.6318	446.9000	2.2040
50.0000	10.0000	0.6435	450.9000	2.2182
50.0000	15.0000	0.6552	454.9000	2.2323
50.0000	20.0000	0.6669	459.0000	2.2463
50.0000	25.0000	0.6786	463.1000	2.2601
50.0000	30.0000	0.6903	467.2000	2.2739
50.0000	35.0000	0.7019	471.4000	2.2875
50.0000	40.0000	0.7135	475.6000	2.3010
50.0000	45.0000	0.7252	479.8000	2.3144
50.0000	50.0000	0.7368	484.1000	2.3277
50.0000	55.0000	0.7484	488.4000	2.3409
50.0000	60.0000	0.7600	492.7000	2.3541
50.0000	65.0000	0.7715	497.1000	2.3671
50.0000	70.0000	0.7831	501.5000	2.3800
50.0000	75.0000	0.7947	505.9000	2.3929
50.0000	80.0000	0.8062	510.4000	2.4057
50.0000	85.0000	0.8178	514.9000	2.4183
50.0000	90.0000	0.8294	519.5000	2.4309
60.0000	-60.0000	0.3940	397.4000	1.9810
60.0000	-55.0000	0.4045	401.0000	1.9979
60.0000	-50.0000	0.4149	404.7000	2.0145
60.0000	-45.0000	0.4253	408.4000	2.0308
60.0000	-40.0000	0.4355	412.1000	2.0469
60.0000	-35.0000	0.4457	415.8000	2.0627
60.0000	-30.0000	0.4558	419.6000	2.0783
60.0000	-25.0000	0.4659	423.4000	2.0937
60.0000	-20.0000	0.4759	427.2000	2.1090
60.0000	-15.0000	0.4859	431.0000	2.1240
60.0000	-10.0000	0.4959	434.9000	2.1389
60.0000	-5.0000	0.5058	438.8000	2.1536
60.0000	0.0000	0.5157	442.7000	2.1681
60.0000	5.0000	0.5255	446.7000	2.1825
60.0000	10.0000	0.5354	450.7000	2.1968
60.0000	15.0000	0.5452	454.7000	2.2109
60.0000	20.0000	0.5550	458.8000	2.2250
60.0000	25.0000	0.5647	462.9000	2.2388
60.0000	30.0000	0.5745	467.1000	2.2526
60.0000	35.0000	0.5842	471.2000	2.2662
60.0000	40.0000	0.5940	475.4000	2.2798
60.0000	45.0000	0.6037	479.7000	2.2932
60.0000	50.0000	0.6134	483.9000	2.3065
60.0000	55.0000	0.6231	488.3000	2.3198
60.0000	60.0000	0.6327	492.6000	2.3329
60.0000	65.0000	0.6424	497.0000	2.3460
60.0000	70.0000	0.6521	501.4000	2.3589
60.0000	75.0000	0.6617	505.8000	2.3718
60.0000	80.0000	0.6714	510.3000	2.3846
60.0000	85.0000	0.6810	514.8000	2.3973
60.0000	90.0000	0.6907	519.4000	2.4099
70.0000	-55.0000	0.3449	400.5000	1.9783
70.0000	-50.0000	0.3540	404.2000	1.9951
70.0000	-45.0000	0.3630	407.9000	2.0116
70.0000	-40.0000	0.3719	411.7000	2.0279
70.0000	-35.0000	0.3807	415.4000	2.0438
70.0000	-30.0000	0.3895	419.2000	2.0596
70.0000	-25.0000	0.3982	423.0000	2.0751
70.0000	-20.0000	0.4069	426.9000	2.0904
70.0000	-15.0000	0.4155	430.7000	2.1055
70.0000	-10.0000	0.4241	434.6000	2.1205
70.0000	-5.0000	0.4327	438.5000	2.1352
70.0000	0.0000	0.4412	442.5000	2.1498
70.0000	5.0000	0.4497	446.5000	2.1643
70.0000	10.0000	0.4581	450.5000	2.1786
70.0000	15.0000	0.4666	454.5000	2.1928
70.0000	20.0000	0.4750	458.6000	2.2068
70.0000	25.0000	0.4834	462.7000	2.2207
70.0000	30.0000	0.4918	466.9000	2.2345
70.0000	35.0000	0.5002	471.1000	2.2482
70.0000	40.0000	0.5085	475.3000	2.2618
70.0000	45.0000	0.5169	479.5000	2.2752
70.0000	50.0000	0.5252	483.8000	2.2886
70.0000	55.0000	0.5336	488.1000	2.3018
70.0000	60.0000	0.5419	492.5000	2.3150
70.0000	65.0000	0.5502	496.9000	2.3281
70.0000	70.0000	0.5585	501.3000	2.3410
70.0000	75.0000	0.5668	505.7000	2.3539
70.0000	80.0000	0.5751	510.2000	2.3667
70.0000	85.0000	0.5834	514.7000	2.3794
70.0000	90.0000	0.5916	519.3000	2.3920
70.0000	95.0000	0.5999	523.9000	2.4046
80.0000	-55.0000	0.3003	400.0000	1.9612
80.0000	-50.0000	0.3083	403.7000	1.9782
80.0000	-45.0000	0.3163	407.5000	1.9948
80.0000	-40.0000	0.3242	411.2000	2.0112
80.0000	-35.0000	0.3320	415.0000	2.0273
80.0000	-30.0000	0.3397	418.9000	2.0431
80.0000	-25.0000	0.3474	422.7000	2.0588
80.0000	-20.0000	0.3551	426.5000	2.0742
80.0000	-15.0000	0.3627	430.4000	2.0894
80.0000	-10.0000	0.3703	434.3000	2.1044
80.0000	-5.0000	0.3778	438.3000	2.1192
80.0000	0.0000	0.3853	442.3000	2.1339
80.0000	5.0000	0.3928	446.3000	2.1484
80.0000	10.0000	0.4002	450.3000	2.1628
80.0000	15.0000	0.4076	454.4000	2.1770
80.0000	20.0000	0.4150	458.4000	2.1911
80.0000	25.0000	0.4224	462.6000	2.2050
80.0000	30.0000	0.4298	466.7000	2.2188
80.0000	35.0000	0.4371	470.9000	2.2325
80.0000	40.0000	0.4445	475.1000	2.2461
80.0000	45.0000	0.4518	479.4000	2.2596
80.0000	50.0000	0.4591	483.7000	2.2730
80.0000	55.0000	0.4664	488.0000	2.2863
80.0000	60.0000	0.4737	492.4000	2.2994
80.0000	65.0000	0.4810	496.7000	2.3125
80.0000	70.0000	0.4883	501.2000	2.3255
80.0000	75.0000	0.4956	505.6000	2.3384
80.0000	80.0000	0.5028	510.1000	2.3512
80.0000	85.0000	0.5101	514.6000	2.3639
80.0000	90.0000	0.5174	519.2000	2.3766
80.0000	95.0000	0.5246	523.8000	2.3891
